	name: "Concord"
	price: 2900
	unlock: 0
	base_color: (0.021219, 0.084376, 0.686686)
	stock: true
