	name: "Viper"
	price: 2900
	unlock: 0
	base_color: (0.533277, 0.005182, 0.009721)
