	name: "Black"
	price: 2900
	unlock: 0
	base_color: (0.005605, 0.005605, 0.005605)
	stock: true
