	name: "Moss"
	price: 2900
	unlock: 0
	base_color: (0.095307, 0.502887, 0.013702)
	stock: true
