	name: "Fawn"
	price: 3900
	unlock: 0
	base_color: (0.380048, 0.341977, 0.301309)
	flake_clearcoat_rolloff: 5.000000
	flake_color: (0.904661, 0.887923, 0.846873)
	flake_density: 0.600000
	flake_shininess: 30.000000
	flake_uvscale: 20.000000
	flip_color: (0.102242, 0.102242, 0.102242)
	flip_strength: 0.930000
	flipflake: true
	stock: true
